,ZIP5,year,count
0,02134,2017-2018,7139
1,02115,2023-2024,6052
2,02115,2022-2023,5857
3,02215,2017-2018,5539
4,02120,2023-2024,5212
5,02215,2023-2024,5379
6,02134,2023-2024,5256
7,02135,2023-2024,5230
8,02115,2017-2018,5087
9,02215,2022-2023,5108
10,02120,2022-2023,4864
11,02115,2021-2022,4689
12,02135,2022-2023,4785
13,02134,2021-2022,4758
14,02215,2021-2022,4597
15,02120,2020-2021,4131
16,02134,2022-2023,4400
17,02135,2017-2018,4329
18,02120,2017-2018,4030
19,02115,2020-2021,4024
20,02135,2021-2022,4241
21,02115,2016-2017,4151
22,02134,2020-2021,3985
23,02135,2019-2020,3951
24,02134,2018-2019,3885
25,02120,2021-2022,3565
26,02134,2016-2017,3809
27,02134,2019-2020,3842
28,02215,2020-2021,3604
29,02120,2016-2017,3394
30,02135,2016-2017,3598
31,02135,2020-2021,3568
32,02135,2018-2019,3352
33,02215,2016-2017,3221
34,02215,2019-2020,3213
35,02215,2018-2019,3133
36,02130,2023-2024,2865
37,02118,2023-2024,2566
38,02115,2019-2020,2601
39,02125,2023-2024,2534
40,02119,2023-2024,2437
41,02115,2018-2019,2534
42,02130,2022-2023,2200
43,02118,2017-2018,2218
44,02118,2022-2023,2128
45,02125,2022-2023,1976
46,02118,2021-2022,1868
47,02118,2020-2021,1756
48,02119,2022-2023,1653
49,02125,2018-2019,1592
50,02130,2020-2021,1522
51,02130,2021-2022,1438
52,02130,2017-2018,1418
53,02125,2019-2020,1423
54,02125,2020-2021,1367
55,02128,2023-2024,1331
56,02125,2021-2022,1262
57,02118,2016-2017,1256
58,02116,2023-2024,1261
59,02116,2022-2023,1216
60,02118,2018-2019,1218
61,02119,2020-2021,1173
62,02118,2019-2020,1151
63,02116,2017-2018,1138
64,02128,2022-2023,1135
65,02114,2023-2024,1068
66,02111,2017-2018,1070
67,02119,2021-2022,1011
68,02116,2021-2022,1038
69,02111,2023-2024,1048
70,02130,2016-2017,995
71,02128,2020-2021,1037
72,02111,2022-2023,1022
73,02114,2022-2023,1013
74,02130,2019-2020,971
75,02130,2018-2019,938
76,02128,2019-2020,938
77,02114,2017-2018,923
78,02128,2018-2019,899
79,02111,2021-2022,884
80,02119,2017-2018,834
81,02116,2020-2021,798
82,02111,2018-2019,807
83,02111,2019-2020,790
84,02111,2020-2021,781
85,02116,2018-2019,769
86,02128,2021-2022,760
87,02114,2016-2017,757
88,02116,2016-2017,732
89,02120,2019-2020,738
90,02114,2021-2022,737
91,02116,2019-2020,737
92,02124,2023-2024,725
93,02127,2023-2024,700
94,02124,2022-2023,702
95,02128,2017-2018,687
96,02124,2020-2021,670
97,02127,2022-2023,659
98,02114,2018-2019,636
99,02125,2017-2018,615
100,02119,2019-2020,600
101,02114,2020-2021,592
102,02119,2018-2019,583
103,02124,2018-2019,566
104,02119,2016-2017,538
105,02114,2019-2020,559
106,02127,2020-2021,519
107,02111,2016-2017,531
108,02128,2016-2017,512
109,02120,2018-2019,513
110,02113,2023-2024,494
111,02121,2023-2024,485
112,02125,2016-2017,469
113,02122,2023-2024,486
114,02127,2018-2019,484
115,02124,2019-2020,479
116,02127,2021-2022,448
117,02127,2019-2020,469
118,02136,2023-2024,465
119,02122,2022-2023,451
120,02113,2022-2023,445
121,02136,2022-2023,429
122,02131,2023-2024,427
123,02122,2020-2021,422
124,02127,2017-2018,406
125,02124,2021-2022,398
126,02122,2018-2019,395
127,02131,2020-2021,387
128,02113,2021-2022,389
129,02113,2017-2018,384
130,02136,2020-2021,377
131,02131,2022-2023,374
132,02113,2016-2017,369
133,02121,2022-2023,367
134,02136,2018-2019,356
135,02113,2020-2021,352
136,02131,2018-2019,353
137,02127,2016-2017,340
138,02113,2019-2020,350
139,02113,2018-2019,336
140,02121,2020-2021,310
141,02131,2019-2020,298
142,02132,2023-2024,294
143,02122,2019-2020,289
144,02121,2018-2019,279
145,02136,2019-2020,273
146,02121,2019-2020,265
147,02129,2023-2024,262
148,02132,2022-2023,248
149,02132,2020-2021,250
150,02126,2020-2021,241
151,02126,2022-2023,241
152,02122,2021-2022,233
153,02124,2016-2017,225
154,02131,2021-2022,228
155,02129,2022-2023,220
156,02126,2018-2019,220
157,02129,2020-2021,214
158,02131,2016-2017,203
159,02126,2023-2024,207
160,02132,2019-2020,202
161,02131,2017-2018,193
162,02124,2017-2018,199
163,02136,2021-2022,199
164,02129,2017-2018,186
165,02129,2016-2017,181
166,02108,2022-2023,182
167,02109,2023-2024,170
168,02108,2023-2024,173
169,02126,2019-2020,170
170,02210,2023-2024,171
171,02121,2021-2022,165
172,02109,2022-2023,159
173,02132,2018-2019,163
174,02129,2021-2022,158
175,02129,2019-2020,154
176,02132,2021-2022,151
177,02108,2017-2018,150
178,02132,2016-2017,143
179,02121,2017-2018,143
180,02110,2023-2024,139
181,02110,2017-2018,136
182,02210,2022-2023,139
183,02136,2016-2017,128
184,02109,2021-2022,122
185,02126,2021-2022,132
186,02129,2018-2019,133
187,02122,2017-2018,127
188,02122,2016-2017,120
189,02121,2016-2017,119
190,02210,2021-2022,118
191,02108,2021-2022,117
192,02110,2020-2021,115
193,02110,2022-2023,118
194,02132,2017-2018,113
195,02110,2021-2022,104
196,02108,2018-2019,105
197,02108,2016-2017,102
198,02108,2020-2021,99
199,02136,2017-2018,96
200,02108,2019-2020,92
201,02126,2016-2017,90
202,02109,2016-2017,89
203,02110,2019-2020,85
204,02109,2017-2018,85
205,02199,2023-2024,84
206,02110,2016-2017,76
207,02109,2020-2021,81
208,02109,2018-2019,78
209,02110,2018-2019,71
210,02126,2017-2018,74
211,02109,2019-2020,73
212,02210,2020-2021,73
213,02199,2017-2018,68
214,02199,2021-2022,63
215,02210,2019-2020,61
216,02210,2017-2018,59
217,02199,2022-2023,59
218,02199,2020-2021,52
219,02210,2016-2017,52
220,02210,2018-2019,51
221,02199,2019-2020,49
222,02199,2018-2019,43
223,02152,2017-2018,43
224,02199,2016-2017,40
225,02152,2016-2017,34
226,02152,2019-2020,31
227,02152,2018-2019,31
228,02152,2020-2021,30
229,02467,2019-2020,27
230,02151,2020-2021,25
231,02467,2018-2019,24
232,02467,2020-2021,22
233,02152,2022-2023,21
234,02152,2023-2024,19
235,02151,2023-2024,19
236,02467,2017-2018,17
237,02467,2023-2024,17
238,02152,2021-2022,15
239,02467,2022-2023,14
240,02467,2021-2022,13
241,02151,2017-2018,9
242,02151,2019-2020,13
243,02151,2021-2022,9
244,02151,2018-2019,9
245,02163,2022-2023,7
246,02163,2017-2018,6
247,02163,2021-2022,6
248,02163,2019-2020,4
249,02163,2016-2017,4
250,02163,2018-2019,4
251,02163,2020-2021,4
252,02021,2021-2022,2
253,02467,2016-2017,2
254,02163,2023-2024,2
255,02021,2020-2021,1
256,02021,2022-2023,1
